20
76 1861
25 4 51 56 3 86 2 64 23 94 32 60 35 40 53 92 16 44 35 84 83 25 21 76 38 4 42 51 95 7 45 6 25 57 13 96 65 41 83 79 30 49 1 83 50 92 90 37 58 72 70 74 39 73 95 19 34 98 61 76 26 11 39 46 30 0 63 40 39 9 72 39 67 52 40 96
9 44
8 26 82 22 58 65 16 24 37
73 1946
33 70 5 40 26 24 64 63 49 53 23 26 51 54 41 95 13 10 90 79 10 59 29 39 30 91 74 38 93 69 31 38 29 57 94 60 99 19 97 30 85 99 41 20 69 25 32 87 48 86 89 67 96 18 8 88 24 33 93 80 5 43 73 21 98 80 2 83 71 10 62 80 80
70 1958
82 99 28 76 85 55 12 27 98 62 74 99 77 10 28 54 68 93 66 52 57 49 98 26 21 8 35 0 25 78 90 41 97 61 76 50 87 95 31 77 69 93 52 16 72 39 84 28 88 66 52 54 27 51 39 83 34 5 97 72 57 45 21 93 59 34 10 41 17 71
100 2457
51 43 22 85 2 99 39 60 90 68 49 64 96 21 16 38 40 73 66 46 85 99 49 95 17 74 68 31 23 25 38 12 64 20 7 78 38 16 70 23 97 2 27 12 81 60 8 20 15 88 0 33 96 73 80 1 58 60 91 30 23 78 35 76 3 63 43 8 11 93 39 79 12 40 65 68 36 56 17 62 87 67 30 54 40 86 47 36 28 11 69 42 73 94 25 50 92 83 40 20
100 2537
63 60 13 19 63 31 18 66 49 14 44 84 49 28 30 95 60 40 15 57 95 34 24 34 74 8 2 27 44 68 80 60 93 81 28 24 22 10 67 74 97 81 40 29 92 73 2 95 98 23 47 70 76 40 18 16 79 72 34 26 73 53 26 66 31 87 72 62 92 23 84 80 59 50 57 93 46 0 34 53 64 42 81 27 93 45 80 2 58 69 27 71 4 77 60 36 36 12 27 67
100 2593
4 8 92 71 33 29 3 57 29 38 45 87 85 90 60 81 0 94 96 54 88 71 76 8 90 25 96 27 45 59 10 1 81 57 62 3 89 62 4 96 5 6 9 48 34 2 15 55 53 65 9 74 67 93 26 74 78 45 42 63 78 78 94 73 95 40 70 2 3 22 1 25 70 16 41 4 83 80 84 59 52 61 82 96 93 58 28 50 97 99 61 72 35 37 48 27 39 38 43 83
17 329
83 29 6 28 96 19 49 8 24 68 70 32 19 40 15 71 3
83 2002
47 14 4 71 23 8 14 18 76 25 92 33 7 68 54 11 43 94 30 93 3 45 93 91 83 16 53 38 88 94 27 6 66 52 57 16 66 72 21 32 68 59 74 17 68 84 92 55 58 45 69 6 66 76 75 29 77 99 9 23 58 2 45 88 2 0 71 54 31 19 50 60 13 93 65 0 38 65 2 30 34 98 34
95 2491
53 26 86 65 23 83 88 97 39 49 65 2 96 92 92 53 41 58 47 45 59 55 23 16 34 41 55 40 83 44 51 44 37 57 53 68 33 10 40 57 22 22 88 54 21 47 5 60 75 94 6 99 2 44 27 72 91 58 91 83 98 11 7 88 50 3 95 52 61 2 97 38 95 8 40 90 14 50 55 20 50 90 58 82 91 35 82 38 29 70 52 28 96 36 10
20 327
4 13 18 4 29 43 43 63 35 18 28 28 6 76 40 29 38 93 37 11
100 2311
34 67 85 69 15 92 17 36 70 38 62 88 28 76 7 44 55 32 52 4 33 80 18 69 82 63 19 7 36 86 42 10 27 94 21 0 31 87 82 52 10 35 51 32 43 74 30 0 94 74 5 89 41 74 47 64 49 67 40 18 30 72 46 31 0 99 4 39 17 33 14 81 34 92 75 1 85 78 76 67 65 19 12 99 72 51 33 30 12 69 34 42 26 1 74 28 62 4 22 45
65 1553
77 21 11 98 31 62 5 30 25 57 21 5 4 74 37 31 96 18 49 15 38 60 92 85 11 75 76 44 83 99 51 36 16 36 14 27 91 40 55 16 2 70 7 50 44 39 90 63 80 34 82 12 57 91 91 79 62 18 81 59 54 47 57 4 21
13 0
0 0 0 0 0 0 0 0 0 0 0 0 0
75 1854
40 63 65 17 21 13 84 80 70 54 48 20 33 31 64 69 86 46 17 28 1 99 94 90 59 91 13 23 71 57 78 12 41 71 71 45 27 94 96 98 31 33 50 68 95 24 36 89 6 94 8 66 66 7 56 76 4 39 37 95 43 9 2 39 15 12 52 37 69 42 92 22 72 17 25
14 421
39 68 67 86 78 60 70 95 34 39 12 76 26 94
66 1675
4 17 91 93 79 30 94 91 10 32 68 43 36 17 95 53 17 55 86 46 35 30 14 68 5 51 85 89 63 73 28 6 85 82 33 18 3 71 74 58 50 93 75 26 77 39 74 88 43 25 37 73 5 62 53 82 93 18 89 4 90 19 22 13 10 61
100 2419
61 25 30 47 22 41 64 5 94 5 98 96 50 29 68 34 90 28 15 18 59 72 22 77 45 91 0 1 29 44 57 12 52 45 49 6 4 37 64 54 30 38 17 17 43 95 43 39 72 70 44 52 92 72 90 71 72 68 62 28 65 31 32 66 86 15 47 54 33 96 93 81 46 73 16 4 73 91 10 13 36 52 83 43 24 33 30 77 6 8 34 8 69 91 91 74 96 31 40 31
5 92
51 10 1 51 44
5 81
44 51 51 10 1